 &IN1
 ISHOT = 0
 ITIME = 0
 PLASMA = 414848.263
 ITEK = 5
 ITRACE = 1
 MXITER = -1
 IERCHK = 0
 BTOR = 2.55799994
 RCENTR = 1.74999996
 rzero = 1.74999996
 ICURRT = 2
 NEXTRA = 1
 IXSTRT = -1
 SCRAPE = 1e-05
 PSIBRY = 0.0
 IFREF = 2
 IPLCOUT = 1
 KINPUT = 1
 EMP = 2.0
 QENP = 1.05
 ICONVR = 3
 ENP = 1.0
 BETAP0 = 0.98
 LIMITR = 61
 XLIM = 3*1.35838 1.36314 1.4371 1.43721 1.44164 1.4297 1.39169 1.39151 
 1.37929 1.399 1.43623 1.45919 1.47791 1.54494 1.61204 1.63506 1.66054 1.66519 
 1.6955 1.70668 1.71388 1.714 1.73649 1.76324 1.80199 1.80237 1.93972 1.97063 
 2.07495 2.1771 2.27925 3*2.37 2.27925 2.1771 2.07495 1.9728 1.97063 1.92059 
 1.87055 1.82051 1.79281 1.76511 1.75421 1.67782 1.60143 1.48426 1.36709 
 1.33132 1.37874 1.42615 1.40528 1.3844 1.36353 4*1.35838
 YLIM = 0.0 0.227 0.454 0.45574 0.79833 0.79882 0.8382 0.90891 1.01426 1.01473 
 1.04859 1.03946 1.0256 1.02095 1.02514 1.05454 1.08394 1.09586 1.114 1.11765 
 1.14183 1.16211 1.13093 1.13044 1.033 0.96983 0.92567 0.92535 0.80922 0.78339 
 0.68838 0.58904 0.4897 0.49 0.0 -0.49 -0.4897 -0.58904 -0.68838 -0.78772 
 -0.78339 -0.83237 -0.88136 -0.93035 -1.05034 -1.17034 -1.13917 -1.03465 
 -0.93014 -0.95338 -0.97662 -1.01072 -0.87933 -0.74794 -0.65062 -0.5533 
 -0.45598 -0.454 -0.227 2*0.0
 eelip = 1.8
 NBDRY = 36
 RBDRY = 1.48291322 1.52483934 1.59143651 1.68938865 1.80837064 1.91780655 
 2.01853959 2.10809409 2.18563232 2.24756112 2.29023895 2.30926728 2.30277321 
 2.27254723 2.2235177 2.15666706 2.07738603 1.9891739 1.89543852 1.79758021 
 1.70579265 1.68425085 1.6635843 1.64161002 1.61975286 1.61101067 1.6023735 
 1.59341473 1.58500672 1.5658573 1.52559449 1.48664356 1.45167969 1.42359286 
 1.40630532 1.40111473 1.40857234 1.42914817 1.46300432
 ZBDRY = -0.409388393 -0.499499864 -0.597564663 -0.661835093 -0.647163408 
 -0.596390503 -0.530145994 -0.449407338 -0.357395186 -0.254349673 -0.14217997 
 -0.0239049081 0.0956012628 0.211330689 0.320193646 0.418961555 0.508218178 
 0.588742619 0.663080022 0.732170312 0.794705236 0.808387656 0.819325511 
 0.832195896 0.842348557 0.814402414 0.788796925 0.766192506 0.744098148 
 0.691880385 0.579082137 0.465305089 0.350343784 0.23350291 0.114637121 
 -0.00521881923 -0.124811171 -0.242663037 -0.357340671
 FWTBDRY = 52*50
 FWTBDRY(5:10) = 5000
!D
! FWTBDRY(33:37)=60	!U
! FWTBDRY(21:23)=30	!L
! FWTBDRY(44:46)=30	!R
 cfcoil = -1
 iout = 4
 KPPFNC = 6
 KPPCUR = 3
 KFFFNC = 6
 KFFCUR = 3
 PCURBD = 0.0
 FCURBD = 0.0
 iecurr = 2
 ECURRT = 0.0
 KZEROJ = 1
 RZEROJ = -1.0
 relax = 0.5
 NXITER = -207
 error = 1e-09
 ERRMIN = 1e-09
 /
 &PROFILE_EXT
! GEQDSK_EXT = 'FILES/g0.03410'
 GEQDSK_EXT = 'FILES/g0file'
! GEQDSK_EXT='FILES/g0file_change1_fail'
! SCALEPP_EXT = 'disabled'
! SCALEFFP_EXT = 'disabled'
! A_EXT = 'disabled'
! RC_EXT = 'disabled'
! ZC_EXT = 'disabled'
! EUP_EXT = 'disabled'
! ELOW_EXT = 'disabled'
! DUP_EXT = 'disabled'
! DLOW_EXT = 'disabled'
 /
 &INK
 SYMMETRIZE = .False.
 /
